# v4 fine structure, step 5e-4, 41 pts; locks flagged |w - p/q| < 6e-4 (q<=8)
# rho        w          x_max   lock?
    1.61550  +0.181641  1.163  
    1.61600  +0.185115  1.161  
    1.61650  +0.174205  1.159  
    1.61700  +0.174009  1.157  
    1.61750  +0.169811  1.155  
    1.61800  +0.173523  1.153   *PHI*
    1.61850  +0.171356  1.152  
    1.61900  +0.167329  1.151  
    1.61950  +0.170916  1.150  
    1.62000  +0.179815  1.148  
    1.62050  +0.172287  1.148  
    1.62350  +0.187617  1.143  = 3/16
    1.62400  +0.193607  1.142  
    1.62450  +0.199733  1.142  = 1/5
    1.62500  +0.124777  1.140  = 1/8 *13/8*
    1.62550  +0.211103  1.141  
    1.62600  +0.230769  1.141  
    1.62650  +0.231769  1.140  
    1.62700  +0.234768  1.140  
    1.62750  +0.234845  1.140  
    1.62800  +0.236135  1.140  
    1.62850  +0.240150  1.139  
    1.62900  +0.243050  1.139  
    1.62950  +0.247909  1.138  
    1.63000  +0.249852  1.137  = 1/4
    1.63050  +0.253640  1.135  
    1.63100  +0.253906  1.133  
    1.63150  +0.253026  1.135  
    1.63200  +0.249185  1.137  
    1.63250  +0.249854  1.137  = 1/4
    1.63300  +0.249413  1.137  = 1/4
    1.63350  +0.248906  1.138  
    1.63400  +0.250589  1.138  = 1/4
    1.63450  +0.251687  1.138  
    1.63500  +0.249854  1.138  = 1/4
    1.63550  +0.256283  1.138  
    1.63600  +0.260789  1.138  
    1.63650  +0.259489  1.138  
    1.63700  +0.264822  1.138  
    1.63750  +0.274869  1.138  
    1.63800  +0.276298  1.138  
