# v3: f1=276.9 kHz, N_meas=1600 (res ~6e-4), 57 pts
# rho        w          x_max   frac/2    1-frac    note
   1.440000  +0.159811  1.150  0.2200   0.5600   
   1.460000  +0.229999  1.496  0.2300   0.5400   
   1.470000  +0.234883  1.456  0.2350   0.5300   
   1.472500  +0.015305  1.094  0.2362   0.5275   
   1.475000  +0.237388  1.468  0.2375   0.5250   
   1.477500  +0.238634  1.485  0.2388   0.5225   
   1.480000  +0.239887  1.438  0.2400   0.5200   
   1.482500  +0.221724  1.511  0.2412   0.5175   
   1.485000  +0.227580  1.485  0.2425   0.5150   
   1.487500  +0.243672  1.453  0.2438   0.5125   
   1.490000  +0.209886  1.474  0.2450   0.5100   
   1.492500  +0.212454  1.459  0.2462   0.5075   
   1.495000  +0.205034  1.448  0.2475   0.5050   
   1.497500  +0.193800  1.448  0.2488   0.5025   
   1.500000  +0.250106  1.428  0.2500   0.5000   3:2
   1.500034  +0.249947  1.452  0.2500   0.5000   3:2
   1.502500  +0.213747  1.466  0.2512   0.4975   
   1.505000  +0.247536  1.471  0.2525   0.4950   
   1.507500  +0.246365  1.478  0.2538   0.4925   
   1.510000  +0.245113  1.482  0.2550   0.4900   
   1.512500  +0.243861  1.483  0.2562   0.4875   
   1.515000  +0.242611  1.489  0.2575   0.4850   
   1.517500  +0.241301  1.492  0.2588   0.4825   
   1.520000  +0.240054  1.489  0.2600   0.4800   
   1.522500  +0.238806  1.500  0.2612   0.4775   
   1.525000  +0.237558  1.504  0.2625   0.4750   
   1.527500  +0.236359  1.511  0.2638   0.4725   
   1.530000  +0.235110  1.511  0.2650   0.4700   
   1.532500  +0.233860  1.513  0.2662   0.4675   
   1.535000  +0.224434  1.531  0.2675   0.4650   
   1.595000  +0.191713  1.458  0.2975   0.4050   
   1.597500  +0.190041  1.488  0.2987   0.4025   
   1.600000  +0.199983  1.271  0.3000   0.4000   
   1.602500  +0.192456  1.404  0.3013   0.3975   
   1.605000  +0.189968  1.423  0.3025   0.3950   
   1.607500  +0.202355  1.381  0.3037   0.3925   
   1.610000  +0.199847  1.251  0.3050   0.3900   
   1.612500  +0.187331  1.182  0.3063   0.3875   
   1.615000  +0.179821  1.166  0.3075   0.3850   
   1.617500  +0.169811  1.155  0.3087   0.3825   
   1.618034  +0.170152  1.153  0.3090   0.3820   GOLDEN
   1.618068  +0.170285  1.153  0.3090   0.3819   GOLDEN
   1.620000  +0.179815  1.148  0.3100   0.3800   
   1.622500  +0.179813  1.144  0.3113   0.3775   
   1.625000  +0.124777  1.140  0.3125   0.3750   
   1.627500  +0.234845  1.140  0.3137   0.3725   
   1.630000  +0.249852  1.137  0.3150   0.3700   
   1.632500  +0.249854  1.137  0.3163   0.3675   
   1.635000  +0.249854  1.138  0.3175   0.3650   
   1.637500  +0.274869  1.138  0.3187   0.3625   
   1.640000  +0.279872  1.138  0.3200   0.3600   
   1.642500  +0.357420  1.139  0.3213   0.3575   
   1.645000  +0.349916  1.141  0.3225   0.3550   
   1.647500  +0.352418  1.143  0.3237   0.3525   
   1.660000  +0.339912  1.151  0.3300   0.3400   
   1.680000  +0.319906  1.171  0.3400   0.3200   
   1.700000  +0.299908  1.198  0.3500   0.3000   
